Time,Latitude,Longitude,counts,PM1,PM25,PM10,Temperature,Humidity,Pressure,Altitude,VOC
1712965131.22,0,0,21.5,0.0,3.0,3.0,27.25236328125,42.381976281667775,997.392330703753,132.87044374064467,3740.5
1712965133.19,0,0,20.5,0.0,3.0,3.0,27.34279296875,42.09379370061618,997.3792744646571,132.98054357489602,6083.5
1712965135.2,0,0,20.5,1.5,4.5,4.5,27.4188671875,41.72151045276898,997.3725486457208,133.03726119299785,8817.0
1712965137.19,0,0,23.5,1.5,4.5,4.5,27.47580078125,41.442772040997596,997.3786005451756,132.98622657923036,11815.0
1712965139.22,0,0,30.0,2.0,5.0,5.0,27.521015624999997,41.111165890354755,997.3812572080676,132.96382349856955,15003.0
1712965141.2,0,0,22.0,2.0,5.0,5.0,27.5559765625,40.66006959129106,997.3874073399907,132.91196092101657,18044.5
1712965143.19,0,0,22.5,2.0,5.0,5.0,27.5559765625,40.66006959129106,997.3874073399907,132.91196092101657,18044.5
1712965145.19,0,0,22.5,2.0,5.0,5.0,27.5848828125,40.112172364656175,997.3878691249449,132.90806680401352,21047.0
1712965147.22,0,0,22.5,2.0,5.0,5.0,27.60841796875,39.523049072050284,997.3929318440262,132.86537433676278,24967.0
1712965149.19,0,0,25.0,2.0,5.0,5.0,27.62814453125,39.00200572157899,997.3911725283518,132.88021012181653,27883.5
1712965151.22,0,0,18.5,2.0,5.5,5.5,27.6466015625,38.572789002189296,997.393906667855,132.85715394236092,30630.0
1712965153.17,0,0,18.5,2.0,5.5,5.5,27.66291015625,38.246613053581996,997.3877750904519,132.90885980294422,33037.0
1712965155.22,0,0,22.0,2.0,6.0,6.0,27.67677734375,38.02283115979752,997.3889385111956,132.8990489803826,35363.0
1712965157.19,0,0,17.5,2.0,6.0,6.0,27.689472656249997,37.88017730363711,997.3864407242938,132.92011214258235,37530.0
1712965159.22,0,0,26.5,2.0,6.0,6.0,27.701289062500003,37.72257735674407,997.3936580880109,132.8592501580241,39599.5
1712965161.19,0,0,25.5,2.0,6.0,6.0,27.711640625,37.56198501111666,997.3921457989287,132.87200281797539,41636.5
1712965163.2,0,0,25.5,2.0,6.0,6.0,27.72111328125,37.35661626488796,997.3911184932467,132.8806657919111,43607.5
1712965165.19,0,0,25.5,2.0,6.0,6.0,27.73029296875,37.193274374231,997.3951757884515,132.84645183694113,46363.5
1712965167.22,0,0,19.5,2.0,6.0,6.0,27.73947265625,37.04500812602481,997.385386219197,132.9290045849657,49051.5
1712965169.19,0,0,22.5,2.0,6.0,6.0,27.74865234375,36.8998594472754,997.38021158121,132.97264103777042,50657.5
1712965171.22,0,0,22.0,2.0,5.0,5.0,27.75666015625,36.75769572543419,997.3852230436371,132.93038053389319,52373.5
1712965173.18,0,0,22.0,2.0,5.0,5.0,27.76427734375,36.669172405703364,997.3868602104787,132.9165747190507,53827.5
1712965175.22,0,0,23.5,2.0,5.0,5.0,27.77150390625,36.58363501252606,997.3915850921102,132.87673112338604,55453.5
1712965177.19,0,0,25.0,2.0,5.0,5.0,27.77716796875,36.49500935197074,997.3828131219852,132.95070292004704,56793.0
1712965179.22,0,0,28.5,2.0,5.0,5.0,27.7844921875,36.415514838243254,997.377533928018,132.99522113632491,58141.5
1712965181.18,0,0,28.5,2.0,5.0,5.0,27.79064453125,36.32999970501399,997.3769026104469,133.00054498448125,59377.0
1712965183.22,0,0,31.5,2.0,5.0,5.0,27.79767578125,36.24758650339486,997.3776316281239,132.99439725024075,60705.0
1712965185.19,0,0,23.0,2.0,5.0,5.0,27.804707031249997,36.18005013356413,997.3792836354451,132.98046621491284,61768.5
1712965187.21,0,0,29.0,2.0,4.5,4.5,27.8122265625,36.11851894522152,997.3779984309374,132.99130407550834,62914.5
1712965189.19,0,0,30.0,2.0,4.5,4.5,27.81935546875,36.065866370803775,997.3687225326701,133.0695262150629,64012.5
1712965191.2,0,0,30.0,2.0,4.0,4.0,27.82755859375,36.03408648732896,997.3601857217939,133.1415162210739,64883.0
1712965193.16,0,0,22.0,2.0,4.0,4.0,27.82755859375,36.03408648732896,997.3601857217939,133.1415162210739,64883.0
1712965195.22,0,0,22.5,2.0,4.0,5.0,27.8329296875,35.993136279767796,997.3546508330819,133.18819168252605,65730.0
1712965197.19,0,0,31.0,2.0,4.0,5.0,27.83869140625,35.9670489899905,997.3700317636674,133.05848564448888,66624.5
1712965199.22,0,0,24.5,1.5,4.0,5.0,27.84552734375,35.935149164168166,997.3593778472065,133.14832895849833,67569.5
1712965201.17,0,0,24.5,1.5,4.0,5.0,27.853144531250003,35.92110533586488,997.3508559695387,133.22019363884655,68515.5
1712965203.22,0,0,28.5,1.0,4.0,5.0,27.85998046875,35.88625224356463,997.334661508132,133.35676240376478,69432.5
1712965205.19,0,0,25.0,1.0,4.0,5.0,27.866718749999997,35.86324024248259,997.3386276836234,133.32331508877368,70151.5
1712965207.22,0,0,33.5,0.0,2.0,3.0,27.874140625000003,35.834378643647945,997.3399585562357,133.31209175947652,70999.5
1712965209.21,0,0,32.0,0.0,2.0,3.0,27.881953125,35.81444115130518,997.3335840174059,133.36584883723796,71721.0
1712965211.19,0,0,32.0,0.5,2.5,3.5,27.88888671875,35.773700418622006,997.3249254811831,133.43886738470695,72369.0
1712965213.19,0,0,23.0,0.5,2.5,3.5,27.89630859375,35.75668951844455,997.3179455552931,133.497730463396,73241.0
1712965215.22,0,0,19.0,1.0,3.0,4.0,27.902460937500003,35.7188421392059,997.3145405078684,133.5264459862827,73731.0
1712965217.19,0,0,29.0,1.0,3.0,4.0,27.908515625,35.70465799219633,997.3248342610098,133.4396366480981,74260.0
1712965219.2,0,0,29.0,0.0,2.0,3.0,27.914667968750003,35.67273678015361,997.3158887346406,133.51507611331408,74890.5
1712965221.19,0,0,24.0,0.0,2.0,3.0,27.921015625,35.66154264572479,997.3100152355721,133.56460869239646,75630.0
1712965223.22,0,0,28.5,0.0,2.0,3.0,27.9284375,35.64454158160211,997.314114219455,133.53004092396333,76021.0
1712965225.19,0,0,31.0,0.0,2.0,3.0,27.936054687499997,35.624604956812874,997.3175919201241,133.50071270603956,76683.0
1712965227.22,0,0,33.0,1.0,3.0,4.0,27.94279296875,35.60162638389524,997.3150923285295,133.5217923019104,77220.0
1712965229.17,0,0,33.0,1.0,3.0,4.0,27.94904296875,35.5815576150699,997.308143239419,133.5803957984627,77971.5
1712965231.22,0,0,27.0,1.0,3.0,5.0,27.95783203125,35.558789244428,997.3069698640213,133.590291155347,78179.0
1712965233.19,0,0,24.5,1.0,3.0,5.0,27.964960937500003,35.53881293685201,997.3106144648667,133.55955524448598,78773.5
1712965235.23,0,0,27.0,1.0,3.0,5.0,27.97052734375,35.52163806208821,997.3173815635372,133.50248672743464,79162.5
1712965237.17,0,0,27.0,1.0,3.0,5.0,27.97775390625,35.513494476336135,997.3165598583221,133.509416305073,79627.0
1712965239.19,0,0,24.0,1.0,3.0,5.0,27.98361328125,35.487488058009234,997.3173160266883,133.50303936039336,80061.5
1712965241.22,0,0,22.5,0.5,2.5,4.5,27.99044921875,35.46748999908455,997.3195832446289,133.48391943084283,80500.5
1712965243.2,0,0,29.5,0.5,2.5,4.5,27.996113281249997,35.44737737750174,997.3163430154311,133.5112449739686,81204.5
1712965245.19,0,0,27.5,0.0,3.0,4.0,27.996113281249997,35.44737737750174,997.3163430154311,133.5112449739686,81204.5
1712965247.19,0,0,27.5,0.0,3.0,4.0,28.001484375,35.436098065225394,997.3154196661408,133.51903178908924,81467.5
1712965249.22,0,0,29.5,0.0,2.5,4.0,28.00578125,35.40994707555027,997.3146808900354,133.52526207270455,81846.0
1712965251.19,0,0,22.0,0.0,2.5,4.0,28.011640625,35.392813256826734,997.3182068255337,133.49552707187502,82151.0
1712965253.22,0,0,19.5,0.0,2.0,4.0,28.01681640625,35.36380335086717,997.3215983720227,133.46692547090387,82691.0
1712965255.19,0,0,29.5,0.0,2.0,4.0,28.02228515625,35.34663508140659,997.3199021515502,133.48123002435253,82924.0
1712965257.2,0,0,29.5,0.0,2.0,2.0,28.0262890625,35.33522606907171,997.3159391022772,133.51465127877725,83316.0
1712965259.19,0,0,18.5,0.0,2.0,2.0,28.03166015625,35.326905190838445,997.3085503489763,133.5769624792312,83395.0
1712965261.22,0,0,28.0,0.5,2.5,3.5,28.0364453125,35.321477904645576,997.3168781991468,133.50673167487827,83751.5
1712965263.19,0,0,15.0,0.5,2.5,3.5,28.04015625,35.31889548761721,997.3253909343081,133.43494214392882,84071.0
1712965265.25,0,0,19.0,1.0,3.0,5.0,28.0446484375,35.337052036384065,997.31664179632,133.5087252891904,84272.5
1712965267.17,0,0,19.0,1.0,3.0,5.0,28.04904296875,35.393587213481766,997.3142061644625,133.52926556572578,84232.0
1712965269.22,0,0,33.5,1.0,3.0,5.0,28.0540234375,35.491562943601565,997.3043650667616,133.61225818669908,84191.5
1712965271.19,0,0,20.5,1.0,3.0,5.0,28.060175781250003,35.5778899681856,997.3157317160151,133.51640032025068,84840.0
1712965273.22,0,0,25.0,1.0,3.0,5.0,28.066328125,35.57259219504201,997.3197098342328,133.48285187493366,85291.5
1712965275.17,0,0,25.0,1.0,3.0,5.0,28.071894531250003,35.55541175381258,997.3135454698122,133.5348373335175,85832.0
1712965277.22,0,0,20.5,1.0,3.0,5.0,28.07599609375,35.49966502007898,997.312503052974,133.54362829125768,85915.5
1712965279.19,0,0,31.0,1.0,3.0,5.0,28.07912109375,35.455656260206766,997.3081023752718,133.58074038459958,86506.0
1712965281.22,0,0,24.5,1.0,3.0,4.0,28.084003906249997,35.41774186734021,997.2944146350266,133.69617355531716,86421.0
1712965283.19,0,0,23.5,1.0,3.0,4.0,28.08849609375,35.38865599994901,997.302288645551,133.62976930280502,86804.0
1712965285.22,0,0,23.5,1.0,2.5,4.0,28.09201171875,35.365383612318226,997.3031100701523,133.62284196309065,87018.0
1712965287.19,0,0,13.0,1.0,2.5,4.0,28.0954296875,35.34800902436239,997.3056275789093,133.60161103847508,87320.0
1712965289.22,0,0,25.5,1.0,2.0,4.0,28.0993359375,35.33658908348805,997.2978171329034,133.6674790848856,87537.0
1712965291.19,0,0,27.0,1.0,2.0,4.0,28.10392578125,35.31933405288598,997.2882932988443,133.74779722942364,87754.5
1712965293.22,0,0,27.0,1.0,2.0,4.0,28.10939453125,35.29036258065792,997.285670820055,133.76991370049734,87974.0
1712965295.16,0,0,25.5,1.0,2.0,4.0,28.10939453125,35.29036258065792,997.285670820055,133.76991370049734,87974.0
1712965297.22,0,0,28.0,1.0,2.0,4.0,28.10919921875,35.27853859387831,997.2853686301344,133.7724621786026,88062.0
1712965299.19,0,0,24.0,1.0,2.0,4.0,28.106953125,35.28126631335308,997.2874353520683,133.75503262422075,88194.0
1712965301.22,0,0,27.5,1.0,2.0,4.0,28.10841796875,35.290265501122136,997.3007852520398,133.64244792890634,88106.0
1712965303.18,0,0,27.5,1.0,2.0,4.0,28.1106640625,35.30524601423248,997.298718568411,133.65987694761185,88415.0
1712965305.22,0,0,23.5,1.0,2.0,4.0,28.11388671875,35.323276754503254,997.2972391108331,133.67235372291395,88637.5
1712965307.19,0,0,29.0,1.0,2.0,4.0,28.11681640625,35.33537644144073,997.2943826848132,133.69644301673475,88905.5
1712965309.22,0,0,24.5,1.0,2.5,5.0,28.1149609375,35.35881102590311,997.293359269931,133.70507385031044,88950.5
1712965311.2,0,0,28.0,1.0,2.5,5.0,28.1192578125,35.388767817013836,997.2972362605044,133.6723777763138,89266.0
1712965313.2,0,0,28.0,1.0,3.0,6.0,28.124921875,35.421821334335505,997.2939919386673,133.6997383520232,89629.0
1712965315.19,0,0,15.5,1.0,3.0,6.0,28.129414062499997,35.428177096228,997.2926290331964,133.71123223982335,89674.5
1712965317.22,0,0,28.0,1.0,4.0,6.0,28.133417968750003,35.443347347599484,997.2905105842558,133.72909795048287,89766.0
1712965319.2,0,0,21.5,1.0,4.0,6.0,28.1360546875,35.440656116579035,997.287200535882,133.75701296731432,89903.0
1712965321.2,0,0,21.5,1.0,4.0,5.0,28.137812500000003,35.434923168921486,997.2899200489557,133.73407818791304,89995.0
1712965323.19,0,0,25.5,1.0,4.0,5.0,28.14025390625,35.405627675727004,997.292773475874,133.71001407377253,90041.0
1712965325.22,0,0,20.5,1.0,4.0,4.0,28.14279296875,35.40883439977712,997.2948543038344,133.69246570041284,90133.5
1712965327.19,0,0,19.5,1.0,4.0,4.0,28.1462109375,35.42689878845351,997.293676458902,133.7023988722761,90041.0
1712965329.22,0,0,32.0,1.0,3.0,4.0,28.14650390625,35.46829083447111,997.288587606904,133.7453151779847,89995.0
1712965331.17,0,0,32.0,1.0,3.0,4.0,28.1458203125,35.49186252591919,997.2949194945572,133.6919159072084,90364.5
1712965333.21,0,0,21.0,1.0,3.5,4.5,28.144648437500003,35.515389597297144,997.2838696876648,133.78510343047807,90549.5
1712965335.19,0,0,19.5,1.0,3.5,4.5,28.142890625,35.51817002800629,997.2866922723788,133.761299342771,90736.5
1712965337.22,0,0,25.0,1.0,4.0,5.0,28.1378125,35.52061781626759,997.2936147170358,133.70291957057628,90783.5
1712965339.19,0,0,25.0,1.0,4.0,5.0,28.13322265625,35.53789470436304,997.2911320742728,133.72385665763193,90924.0
1712965341.25,0,0,23.0,1.0,4.0,5.0,28.12873046875,35.549270494825336,997.2878767902029,133.75130979699446,90736.5
1712965343.19,0,0,22.0,1.0,4.0,5.0,28.12375,35.604952597968364,997.2820187310301,133.8007133747425,90783.5
1712965345.19,0,0,30.5,1.0,4.0,5.5,28.12375,35.604952597968364,997.2820187310301,133.8007133747425,90783.5
1712965347.19,0,0,28.0,1.0,4.0,5.5,28.12140625,35.652041643960715,997.2894764355553,133.73781934814667,90784.0
1712965349.21,0,0,28.0,1.0,4.0,6.0,28.11896484375,35.71689318195293,997.2977066405549,133.6684108890741,90643.0
1712965351.19,0,0,30.5,1.0,4.0,6.0,28.12140625,35.79706393052582,997.2922473921215,133.71445080465492,90596.5
1712965353.23,0,0,25.0,1.0,4.0,7.0,28.121015625,35.8740294585552,997.2888721030406,133.74291593654743,90690.0
1712965355.19,0,0,27.0,1.0,4.0,7.0,28.122578125,35.9127038907415,997.2792820577482,133.82379302553284,90783.0
1712965357.19,0,0,29.5,1.0,4.0,7.0,28.12453125,35.93068131368568,997.2712199465578,133.89178488094956,91253.0
1712965359.21,0,0,29.5,0.5,4.0,7.0,28.12755859375,35.88950230291073,997.2749798928887,133.86007529789183,91538.0
1712965361.19,0,0,29.5,0.5,4.0,7.0,28.1286328125,35.827404329489696,997.2784891279498,133.83048017811458,92015.5
1712965363.22,0,0,23.5,0.0,4.0,7.0,28.1266796875,35.77390741548476,997.2763911059765,133.84817387100622,92063.5
1712965365.2,0,0,25.5,0.0,4.0,7.0,28.1266796875,35.72062628901251,997.2800857228685,133.81701535722038,92160.0
1712965367.2,0,0,25.5,0.5,5.5,8.5,28.1309765625,35.68554609876942,997.276573183354,133.84663827700427,92160.0
1712965369.19,0,0,29.0,0.5,5.5,8.5,28.1360546875,35.665344056458935,997.2798111850184,133.8193306545183,92256.5
1712965371.23,0,0,26.0,1.5,5.5,8.5,28.139375,35.64792700055007,997.28310066029,133.79158897322057,92547.0
1712965373.19,0,0,31.5,1.5,5.5,8.5,28.142109374999997,35.64228427600476,997.2864073022665,133.7637026258391,92596.0
1712965375.22,0,0,22.5,2.0,5.0,8.0,28.14455078125,35.624781109507595,997.2800238805946,133.81753699978975,92693.0
1712965377.17,0,0,22.5,2.0,5.0,8.0,28.14826171875,35.6162795791997,997.2774517997561,133.83922848502618,92888.0
1712965379.22,0,0,21.0,2.0,5.0,8.0,28.1505078125,35.59875940782992,997.2790792643254,133.82550329010434,92888.5
1712965381.19,0,0,21.5,2.0,5.0,8.0,28.15333984375,35.593128385480995,997.2788421152486,133.8275032662952,92986.0
1712965383.22,0,0,25.0,1.5,5.0,8.5,28.1579296875,35.602460175784714,997.2794769455269,133.8221494418613,92937.0
1712965385.17,0,0,25.0,1.5,5.0,8.5,28.16017578125,35.629305114646634,997.2783332383958,133.83179487656759,92791.0
1712965387.22,0,0,26.5,1.0,5.0,9.0,28.16408203125,35.65040406393638,997.2843763495091,133.7808305284791,92839.5
1712965389.19,0,0,27.5,1.0,5.0,9.0,28.16818359375,35.66856697267808,997.2888741970426,133.7428982456464,94563.5
1712965391.22,0,0,24.5,2.0,5.0,9.0,28.17150390625,35.657065426391654,997.2903159669913,133.7307392308541,93084.5
1712965393.19,0,0,26.0,2.0,5.0,9.0,28.17462890625,35.642586469225776,997.2923792727353,133.71333854711798,94590.0
1712965395.25,0,0,26.0,1.5,4.5,8.0,28.178046875,35.631096502343894,997.2912008722471,133.72327645862552,95996.5
1712965397.16,0,0,28.0,1.5,4.5,8.0,28.178046875,35.631096502343894,997.2912008722471,133.72327645862552,95996.5
1712965399.22,0,0,21.0,1.0,4.0,7.0,28.17775390625,35.610361564845526,997.2787391867793,133.82837136120293,94420.0
1712965401.19,0,0,28.0,1.0,4.0,7.0,28.17912109375,35.610498535781204,997.2780830364715,133.8339050322727,94616.0
1712965403.22,0,0,24.0,2.0,5.0,9.0,28.18341796875,35.63755139038242,997.2764166670495,133.84795825828093,95996.5
1712965405.17,0,0,24.0,2.0,5.0,9.0,28.18732421875,35.66161170937427,997.2759933886324,133.85152798428336,93035.5
1712965407.22,0,0,25.0,2.0,5.0,9.0,28.19123046875,35.66792057750034,997.2811125249264,133.8083558513894,94691.5
1712965409.19,0,0,21.5,2.0,5.0,9.0,28.19259765625,35.682852927388204,997.2776850392095,133.83726147213923,96180.0
1712965411.22,0,0,26.5,1.0,4.0,8.0,28.1938671875,35.674103078185134,997.2722589583946,133.88302233925012,94446.0
1712965413.2,0,0,26.5,1.0,4.0,8.0,28.1950390625,35.665344278503014,997.2694530386939,133.90668616679505,94590.0
1712965415.22,0,0,23.0,1.5,4.5,7.5,28.198359375,35.647924844369136,997.270894370425,133.8945306360339,94691.5
1712965417.19,0,0,32.0,1.5,4.5,7.5,28.19962890625,35.6125536544227,997.2719345067273,133.8857586176888,96548.5
1712965419.22,0,0,26.5,2.0,5.0,7.5,28.20265625,35.57736641765476,997.2701513006807,133.9007973409291,96180.0
1712965421.2,0,0,37.5,2.0,5.0,7.5,28.2044140625,35.56571434235589,997.2664041651508,133.93239901022093,96259.0
1712965423.2,0,0,37.5,2.0,5.0,7.0,28.20548828125,35.52147336717643,997.2652946022458,133.94175660422428,96654.5
1712965425.19,0,0,20.5,2.0,5.0,7.0,28.2079296875,35.48033660735038,997.2626048761815,133.96444061888366,96523.5
1712965427.22,0,0,27.0,2.0,4.0,6.0,28.2102734375,35.44510936370017,997.2699255469508,133.90270125106332,96709.0
1712965429.19,0,0,23.0,2.0,4.0,6.0,28.2137890625,35.451369983502275,997.2698212639868,133.9035807258042,96894.0
1712965431.23,0,0,29.5,1.5,3.5,6.0,28.21583984375,35.45452964968402,997.2766887692741,133.84566348397044,96602.0
1712965433.17,0,0,29.5,1.5,3.5,6.0,28.21876953125,35.45777723829396,997.2729066836132,133.8775597336126,96496.0
1712965435.22,0,0,26.5,1.0,3.0,6.0,28.2219921875,35.45514419515843,997.2714253001749,133.89005303533614,97000.5
1712965437.19,0,0,30.5,1.0,3.0,6.0,28.22306640625,35.44934163066817,997.2703156312424,133.8994114869389,96709.0
1712965439.22,0,0,31.0,1.0,4.0,7.0,28.22521484375,35.57667849989585,997.2745628296502,133.8635926184839,92840.5
1712965441.19,0,0,31.0,1.0,4.0,7.0,28.22873046875,35.902703984730515,997.2689155326018,133.91121924645648,92304.5
1712965443.22,0,0,28.5,1.0,4.0,7.5,28.2329296875,36.26805982910386,997.2735636093144,133.87201954991988,92160.0
1712965445.19,0,0,29.5,1.0,4.0,7.5,28.23556640625,36.49423789735634,997.2767184826154,133.84541292519089,92596.0
1712965447.19,0,0,25.5,1.0,4.0,8.0,28.23556640625,36.49423789735634,997.2767184826154,133.84541292519089,92596.0
1712965449.19,0,0,30.5,1.0,4.0,8.0,28.23693359375,36.604482517912004,997.2705190484373,133.89769592849473,92889.0
1712965451.2,0,0,30.5,1.0,4.0,7.0,28.2383984375,36.589749001360516,997.2700135228147,133.9019592999563,94537.5
1712965453.19,0,0,22.5,1.0,4.0,7.0,28.24064453125,36.485832263506666,997.2707164676053,133.89603103350566,96681.5
1712965455.22,0,0,21.5,1.5,4.0,7.0,28.23791015625,36.33391770435976,997.2729534710692,133.87716515128383,96285.0
1712965457.19,0,0,34.0,1.5,4.0,7.0,28.239375,36.19742318914385,997.2752193896808,133.85805550155513,96787.0
1712965459.23,0,0,19.5,2.0,4.0,7.0,28.24201171875,36.06116470742862,997.2746789488349,133.86261331195664,96708.5
1712965461.16,0,0,19.5,2.0,4.0,7.0,28.245625,35.95180149017158,997.2793443689214,133.8232675218503,96867.5
1712965463.21,0,0,26.5,1.0,4.0,6.0,28.248359375,35.86612886108797,997.2780310985141,133.83434296515134,97027.0
1712965465.19,0,0,34.0,1.0,4.0,6.0,28.24884765625,35.795082694583314,997.2787863956939,133.82797318990188,97054.0
1712965467.22,0,0,26.0,1.5,4.0,6.5,28.24796875,35.73281289371481,997.2801983416393,133.81606556373313,97188.5
1712965469.19,0,0,26.0,1.5,4.0,6.5,28.24982421875,35.682680786953945,997.2710586955575,133.89314481497422,97538.0
1712965471.23,0,0,24.5,2.0,4.0,7.0,28.253046875,35.64157666278861,997.2751197926269,133.85889555391145,97591.5
1712965473.19,0,0,33.0,2.0,4.0,7.0,28.25509765625,35.603324316491715,997.2727489963004,133.87888961607615,97618.5
1712965475.21,0,0,22.0,2.0,4.0,7.0,28.258125,35.571092697893505,997.2765079425817,133.84718849589183,97456.5
1712965477.19,0,0,32.0,2.0,4.0,7.0,28.261640625,35.65428110630022,997.2754790898873,133.8558654187776,96657.5
1712965479.2,0,0,32.0,2.0,4.0,7.0,28.2659375,35.9657597482738,997.2728870596683,133.87772524372093,92889.5
1712965481.2,0,0,28.0,2.0,4.0,7.0,28.27208984375,36.4801753794436,997.2842512826617,133.78188526083284,92160.0
1712965483.2,0,0,22.0,2.0,4.0,7.0,28.27716796875,36.963325643016155,997.2800958993205,133.81692952651383,92353.0
1712965485.22,0,0,24.5,2.0,4.0,7.0,28.28048828125,37.181619709760376,997.2732213899087,133.87490566152914,94694.5
1712965487.17,0,0,24.5,2.0,4.0,7.0,28.28283203125,37.062392351267974,997.2676078837458,133.92224737395546,96601.5
1712965489.22,0,0,24.5,2.0,4.0,7.0,28.286640624999997,36.86584095025671,997.2642600616367,133.95048145961061,96548.5
1712965491.19,0,0,26.5,2.0,4.0,7.0,28.289667968750003,36.71711433936386,997.2652470648655,133.94215753371856,96681.0
1712965493.22,0,0,25.5,2.0,4.0,6.5,28.290644531250003,36.5712974126068,997.2667575573091,133.9294186495182,96867.0
1712965495.2,0,0,23.5,2.0,4.0,6.5,28.2919140625,36.40482929569971,997.2742645429457,133.86610820481116,97134.0
1712965497.17,0,0,23.5,2.0,4.0,6.0,28.2919140625,36.40482929569971,997.2742645429457,133.86610820481116,97134.0
1712965499.19,0,0,21.0,2.0,4.0,6.0,28.294453125,36.22380975157282,997.2791157482745,133.82519559060117,97322.0
1712965501.22,0,0,27.0,1.0,3.0,4.0,28.29357421875,36.07825610948118,997.2814518498963,133.8054942128021,96867.5
1712965503.19,0,0,22.5,1.0,3.0,4.0,28.29611328125,35.977660128981825,997.2909225660587,133.72562356343684,97188.0
1712965505.22,0,0,25.0,1.0,3.0,4.0,28.299921875000003,35.8861475396975,997.2848028873079,133.77723339646036,97322.0
1712965507.18,0,0,25.0,1.0,3.0,4.0,28.3016796875,35.818176642145346,997.2838261772426,133.78547037763994,97645.5
1712965509.22,0,0,25.0,2.0,4.0,5.0,28.30412109375,35.73846028488718,997.281135073706,133.8081656735106,97917.0
1712965511.19,0,0,32.5,2.0,4.0,5.0,28.30822265625,35.66486969985177,997.2865552174171,133.76245520306614,97916.5
1712965513.22,0,0,22.5,2.0,4.0,5.0,28.310859375,35.597082384853685,997.2776987055577,133.83714619426848,97998.5
1712965515.17,0,0,22.5,2.0,4.0,5.0,28.31349609375,35.54706591441395,997.2817769791202,133.80275219670347,97971.0
1712965517.22,0,0,32.5,2.0,4.0,5.0,28.31662109375,35.51780968612232,997.2986215189767,133.66069540917405,98244.5
1712965519.19,0,0,26.0,2.0,4.0,5.0,28.31955078125,35.494451453402945,997.2911419085337,133.7237737538218,98189.5
1712965521.22,0,0,25.0,1.5,3.5,4.5,28.321894531250003,35.47103783117456,997.2836798547874,133.78670437814247,98217.5
1712965523.19,0,0,24.0,1.5,3.5,4.5,28.32375,35.44757934581849,997.2763864360936,133.8482132103311,98053.0
1712965525.2,0,0,24.0,1.0,3.0,4.0,28.32453125,35.45061235870229,997.275746922544,133.85360660896424,97998.5
1712965527.19,0,0,28.0,1.0,3.0,4.0,28.32560546875,35.44480925010393,997.2681690253253,133.91751495798673,97781.0
1712965529.22,0,0,33.0,1.0,3.0,4.0,28.32921875,35.436304483040836,997.2663660621331,133.9327203543803,97890.0
1712965531.19,0,0,25.0,1.0,3.0,4.0,28.3315625,35.44540428585796,997.2653713310787,133.94110948250895,97835.0
1712965533.23,0,0,29.5,1.0,3.0,4.0,28.33419921875,35.43680208258364,997.2648296905263,133.94567745813976,97998.5
1712965535.17,0,0,29.5,1.0,3.0,4.0,28.3376171875,35.44305409007676,997.2701161047635,133.9010941687095,97835.5
1712965537.22,0,0,33.0,1.0,3.0,4.0,28.3407421875,35.4404112148184,997.2666337702576,133.9304626359605,98107.5
1712965539.19,0,0,21.0,1.0,3.0,4.0,28.34337890625,35.43771916160118,997.2707118319104,133.8960700801074,98107.5
1712965541.22,0,0,36.0,1.0,3.0,4.0,28.34611328125,35.42617180345435,997.271245069083,133.8915730079974,98244.0
1712965543.22,0,0,36.0,1.0,3.0,4.0,28.349140625,35.417609570994486,997.2722313917161,133.88325486297464,98053.0
1712965545.23,0,0,30.5,1.0,3.0,4.0,28.35080078125,35.403001365848674,997.2627873922977,133.96290134741378,98216.5
1712965547.16,0,0,25.5,1.0,3.0,4.0,28.35080078125,35.403001365848674,997.2627873922977,133.96290134741378,98216.5
1712965549.22,0,0,24.0,1.5,3.5,4.5,28.351484375,35.39125171530791,997.25922477724,133.99294703218158,98218.0
1712965551.19,0,0,22.0,1.5,3.5,4.5,28.3524609375,35.373623710949715,997.2672029635273,133.92566229403548,98053.0
1712965553.2,0,0,22.0,2.0,4.0,5.0,28.3544140625,35.36495665208644,997.2729956448998,133.87680948165433,98080.5
1712965555.19,0,0,26.0,2.0,4.0,5.0,28.3579296875,35.35349234652499,997.2747370625227,133.8621232061452,98244.5
1712965557.22,0,0,25.0,2.0,4.0,5.0,28.3594921875,35.332973335941944,997.2725337271615,133.88070510245058,98326.5
1712965559.19,0,0,31.0,2.0,4.0,5.0,28.3598828125,35.32415260115535,997.2657459808379,133.9379498521563,98299.0
1712965561.21,0,0,31.0,2.0,5.0,5.0,28.3622265625,35.32733936996752,997.2601309321506,133.98530488815732,98491.5
1712965563.19,0,0,31.5,2.0,5.0,5.0,28.3637890625,35.333401809760794,997.2606994921441,133.98050985343764,98272.0
1712965565.27,0,0,26.5,1.0,4.0,4.0,28.365253906249997,35.339454557559606,997.2620410044583,133.96919607221605,98409.0
1712965567.19,0,0,27.0,1.0,4.0,4.0,28.367109375,35.34850029076297,997.2649106446956,133.9449947311661,98381.5
1712965569.22,0,0,18.5,1.5,4.5,4.5,28.36916015625,35.35756615820065,997.2717783518772,133.88707556550608,98189.5
